name: pipelign
channels:
  - salilab
  - bioconda
  - defaults
dependencies:
  - biopython=1.79=py37h69ee0a8_2
  - blast=2.14.0=pl5321h91c44f7_2
  - boost-mac=1.57.0=0
  - bzip2=1.0.8=h0d85af4_4
  - c-ares=1.19.1=h0dc2134_0
  - ca-certificates=2023.7.22=h8857fd0_0
  - cd-hit=4.8.1=h0100bc9_9
  - curl=8.2.1=h5f667d7_0
  - dssp=2.2.1=0
  - entrez-direct=16.2=h193322a_1
  - gettext=0.21.1=h8a4c099_0
  - krb5=1.21.1=hb884880_0
  - libblas=3.9.0=17_osx64_openblas
  - libcblas=3.9.0=17_osx64_openblas
  - libcurl=8.2.1=h5f667d7_0
  - libcxx=16.0.6=hd57cbcb_0
  - libedit=3.1.20191231=h0678c8f_2
  - libev=4.33=haf1e3a3_1
  - libffi=3.4.2=h0d85af4_5
  - libgfortran=5.0.0=12_3_0_h97931a8_1
  - libgfortran5=12.3.0=hbd3c1fe_1
  - libiconv=1.17=hac89ed1_0
  - libidn2=2.3.4=hb7f2c08_0
  - liblapack=3.9.0=17_osx64_openblas
  - libnghttp2=1.52.0=he2ab024_0
  - libopenblas=0.3.23=openmp_h429af6e_0
  - libsqlite=3.42.0=h58db7d2_0
  - libssh2=1.11.0=hd019ec5_0
  - libunistring=0.9.10=h0d85af4_0
  - libzlib=1.2.13=h8a1eda9_5
  - llvm-openmp=16.0.6=hff08bdf_0
  - mafft=7.520=h2413b67_2
  - ncbi-vdb=2.11.0=h589c0e0_1
  - ncurses=6.4=hf0c8a7f_0
  - numpy=1.21.6=py37h345d48f_0
  - openssl=3.1.2=h8a1eda9_0
  - pandas=1.3.5=py37h5b83a90_0
  - pcre=8.45=he49afe7_0
  - perl=5.26.2=hbcb3906_1008
  - perl-archive-tar=2.32=pl526_0
  - perl-carp=1.38=pl526_3
  - perl-common-sense=3.74=pl526_2
  - perl-compress-raw-bzip2=2.087=pl526h6de7cb9_0
  - perl-compress-raw-zlib=2.087=pl526h770b8ee_0
  - perl-exporter=5.72=pl526_1
  - perl-exporter-tiny=1.002001=pl526_0
  - perl-extutils-makemaker=7.36=pl526_1
  - perl-io-compress=2.087=pl526h6de7cb9_0
  - perl-io-zlib=1.10=pl526_2
  - perl-json=4.02=pl526_0
  - perl-json-xs=2.34=pl526h04f5b5a_3
  - perl-list-moreutils=0.428=pl526_1
  - perl-list-moreutils-xs=0.428=pl526_0
  - perl-pathtools=3.75=pl526h1de35cc_1
  - perl-scalar-list-utils=1.52=pl526h01d97ff_0
  - perl-types-serialiser=1.0=pl526_2
  - perl-xsloader=0.24=pl526_0
  - pip=20.0.2=py37_1
  - python=3.7.12=hf3644f1_100_cpython
  - python-dateutil=2.8.0=py37_0
  - python_abi=3.7=3_cp37m
  - pytz=2022.7=py37hecd8cb5_0
  - readline=8.2=h9e318b2_1
  - setuptools=59.8.0=py37hf985489_1
  - six=1.14.0=py37_0
  - sqlite=3.42.0=h2b0dec6_0
  - tk=8.6.12=h5dbffcc_0
  - wget=1.20.3=hd3787cc_1
  - wheel=0.34.2=py37_0
  - xz=5.2.6=h775f41a_0
  - zlib=1.2.13=h8a1eda9_5
  - zstd=1.5.2=h829000d_7
